VERSION: 1.4.4
WIDTH: 1080
HEIGHT: 1080
LEFT: 0
TOP: 0
EXPOSURE: 49.6640221519
FPS: 19.9970333515
GAIN: 4.0
LED POWER: 10.0
FRAMES: 61035
DROPPED COUNT: 255
DROPPED: [10205, 10206, 10207, 24766, 24767, 24768, 27836, 27837, 27838, 28139, 28140, 28141, 28564, 28565, 28566, 29455, 29456, 29457, 29481, 29482, 29483, 29488, 29489, 29490, 29541, 29542, 29543, 29839, 29840, 29991, 29992, 29993, 30320, 30321, 30322, 30354, 30355, 30356, 30396, 30397, 30398, 30425, 30426, 30427, 30463, 30464, 30465, 30476, 30477, 30478, 30490, 30491, 30492, 30515, 30516, 30517, 30668, 30669, 30670, 30681, 30682, 30683, 30699, 30700, 30701, 30708, 30709, 30710, 30733, 30734, 30735, 30825, 30826, 30827, 30860, 30861, 30862, 30883, 30884, 30885, 30920, 30921, 30922, 30949, 30950, 30951, 30952, 30973, 30974, 30975, 31011, 31012, 31013, 31014, 31050, 31051, 31052, 31054, 31055, 31056, 31059, 31060, 31061, 31064, 31065, 31066, 31078, 31079, 31080, 31112, 31113, 31114, 31164, 31165, 31166, 31307, 31308, 31309, 31352, 31353, 31354, 32446, 32447, 32448, 32601, 32602, 32867, 32868, 32869, 32984, 32985, 32986, 33034, 33035, 33036, 33284, 33285, 33286, 33916, 33917, 33918, 34847, 34848, 34849, 34860, 34861, 34862, 34874, 34875, 34876, 34883, 34884, 34885, 34889, 34890, 34891, 34903, 34904, 34905, 34919, 34920, 34921, 34960, 34961, 34962, 34976, 34977, 34978, 34979, 35006, 35007, 35008, 35074, 35075, 35076, 35080, 35081, 35082, 35090, 35091, 35092, 35122, 35123, 35124, 35171, 35172, 35173, 35174, 35190, 35191, 35192, 35193, 35197, 35198, 35199, 35252, 35253, 35254, 35255, 35260, 35261, 35262, 35312, 35313, 35314, 35329, 35330, 35331, 35349, 35350, 35351, 35352, 35353, 35373, 35374, 35375, 35377, 35378, 35379, 35389, 35390, 35391, 35411, 35412, 35413, 35444, 35445, 35446, 35480, 35481, 35482, 35502, 35503, 35504, 35521, 35522, 35523, 35557, 35558, 35559, 35616, 35617, 35618, 35620, 35621, 35622, 37041, 37042, 37043, 38495, 38496, 38497, 41523, 41524, 41525]
TIME: 51:00
FILES: 
recording_20140731_105559.raw
recording_20140731_105559-001.raw
recording_20140731_105559-002.raw
recording_20140731_105559-003.raw
recording_20140731_105559-004.raw
recording_20140731_105559-005.raw
recording_20140731_105559-006.raw
recording_20140731_105559-007.raw
recording_20140731_105559-008.raw
recording_20140731_105559-009.raw
recording_20140731_105559-010.raw
recording_20140731_105559-011.raw
recording_20140731_105559-012.raw
recording_20140731_105559-013.raw
recording_20140731_105559-014.raw
recording_20140731_105559-015.raw
recording_20140731_105559-016.raw
recording_20140731_105559-017.raw
DECOMPRESSED FILES:
recording_20140731_105559.hdf5
